[gd_scene load_steps=7 format=3 uid="uid://bobiq7h0hkw2m"]

[ext_resource type="PackedScene" uid="uid://iasdv8fq2h7y" path="res://avatar testing/arflin/sweater/sweater.tscn" id="1_23wno"]
[ext_resource type="PackedScene" uid="uid://blrikadbrv6oq" path="res://avatar testing/arflin/body/body.tscn" id="2_716pa"]
[ext_resource type="Script" path="res://avatar testing/arflin/SkeletonIK3D.gd" id="3_7kctv"]

[sub_resource type="BoxShape3D" id="BoxShape3D_k3hci"]
size = Vector3(0.1, 0.1, 0.1)

[sub_resource type="StandardMaterial3D" id="StandardMaterial3D_hyt8f"]
cull_mode = 2
no_depth_test = true

[sub_resource type="BoxMesh" id="BoxMesh_05ocm"]
material = SubResource("StandardMaterial3D_hyt8f")
size = Vector3(0.1, 0.1, 0.1)

[node name="arflin" type="Skeleton3D"]
transform = Transform3D(0.1, 0, 0, 0, 0.1, 0, 0, 0, 0.1, 0, 0, 0)
bones/0/name = "Hips"
bones/0/parent = -1
bones/0/rest = Transform3D(1, 0, 0, 0, 0.990515, -0.137405, 0, 0.137405, 0.990515, 1.4082e-06, 4.4993, 0.112418)
bones/0/enabled = true
bones/0/position = Vector3(1.4082e-06, 4.4993, 0.112418)
bones/0/rotation = Quaternion(0.0688659, 0, 0, 0.997626)
bones/0/scale = Vector3(1, 1, 1)
bones/1/name = "Spine"
bones/1/parent = 0
bones/1/rest = Transform3D(1, 0, 0, 0, 0.991482, 0.130242, 0, -0.130242, 0.991482, 4.54747e-13, 0.605035, 1.04308e-07)
bones/1/enabled = true
bones/1/position = Vector3(4.54747e-13, 0.605035, 1.04308e-07)
bones/1/rotation = Quaternion(-0.0652601, 0, 0, 0.997868)
bones/1/scale = Vector3(1, 1, 1)
bones/2/name = "Chest"
bones/2/parent = 1
bones/2/rest = Transform3D(1, 0, 0, 0, 0.995233, 0.0975225, 0, -0.0975225, 0.995233, 0, 1.19953, 1.11759e-08)
bones/2/enabled = true
bones/2/position = Vector3(0, 1.19953, 1.11759e-08)
bones/2/rotation = Quaternion(-0.0488195, 0, 0, 0.998808)
bones/2/scale = Vector3(1, 1, 1)
bones/3/name = "Neck"
bones/3/parent = 2
bones/3/rest = Transform3D(1, 0, 0, 0, 0.995912, -0.0903265, 0, 0.0903265, 0.995912, 0, 1.01637, -2.68221e-07)
bones/3/enabled = true
bones/3/position = Vector3(0, 1.01637, -2.68221e-07)
bones/3/rotation = Quaternion(0.0452095, 0, 0, 0.998978)
bones/3/scale = Vector3(1, 1, 1)
bones/4/name = "Head"
bones/4/parent = 3
bones/4/rest = Transform3D(1, -3.45431e-13, 3.45431e-13, 3.45431e-13, 1, -2.33641e-07, -3.45431e-13, 2.33641e-07, 1, 0, 0.401996, 2.85922e-09)
bones/4/enabled = true
bones/4/position = Vector3(0, 0.401996, 2.85922e-09)
bones/4/rotation = Quaternion(1.16821e-07, 1.72716e-13, 1.72716e-13, 1)
bones/4/scale = Vector3(1, 1, 1)
bones/5/name = "Eye_L"
bones/5/parent = 4
bones/5/rest = Transform3D(1, -0.000414173, 0.000414319, 0.000414319, 1, -0.000351475, -0.000414173, 0.000351646, 1, 0.245588, 0.460621, 0.212269)
bones/5/enabled = true
bones/5/position = Vector3(0.245588, 0.460621, 0.212269)
bones/5/rotation = Quaternion(0.00017578, 0.000207123, 0.000207123, 1)
bones/5/scale = Vector3(1, 1, 1)
bones/6/name = "Eye_L_end"
bones/6/parent = 5
bones/6/rest = Transform3D(1, 2.20552e-11, 2.16076e-11, -2.20552e-11, 1, 1.45377e-11, -2.16076e-11, -1.45377e-11, 1, 2.05182e-09, 0.987346, 1.26602e-09)
bones/6/enabled = true
bones/6/position = Vector3(2.05182e-09, 0.987346, 1.26602e-09)
bones/6/rotation = Quaternion(-7.26885e-12, 1.08038e-11, -1.10276e-11, 1)
bones/6/scale = Vector3(1, 1, 1)
bones/7/name = "ear1_L"
bones/7/parent = 4
bones/7/rest = Transform3D(0.762333, 0.412853, -0.498399, -0.498398, 0.865771, -0.0451624, 0.412854, 0.28283, 0.865771, 0.48649, 0.92812, -0.329266)
bones/7/enabled = true
bones/7/position = Vector3(0.48649, 0.92812, -0.329266)
bones/7/rotation = Quaternion(0.0877364, -0.243756, -0.243756, 0.934595)
bones/7/scale = Vector3(1, 1, 1)
bones/8/name = "ear2_L"
bones/8/parent = 7
bones/8/rest = Transform3D(0.565071, 0.508993, -0.649323, -0.615626, 0.784081, 0.0788807, 0.549272, 0.355167, 0.756411, 2.57045e-07, 0.434704, -2.90573e-07)
bones/8/enabled = true
bones/8/position = Vector3(2.57045e-07, 0.434704, -2.90573e-07)
bones/8/rotation = Quaternion(0.0783897, -0.340073, -0.319084, 0.88113)
bones/8/scale = Vector3(1, 1, 1)
bones/9/name = "ear3_L"
bones/9/parent = 8
bones/9/rest = Transform3D(-0.386884, 0.918573, -0.0808966, 0.850234, 0.321385, -0.41691, -0.356963, -0.230077, -0.905341, -1.3113e-06, 0.533614, -4.39584e-07)
bones/9/enabled = true
bones/9/position = Vector3(-1.3113e-06, 0.533614, -4.39584e-07)
bones/9/rotation = Quaternion(0.547054, 0.808333, -0.200099, 0.0853815)
bones/9/scale = Vector3(1, 1, 1)
bones/10/name = "ear3_L_end"
bones/10/parent = 9
bones/10/rest = Transform3D(1, 5.96047e-08, 5.43892e-07, -5.96046e-08, 1, -8.9407e-08, -5.43892e-07, 8.94069e-08, 1, 4.91738e-07, 0.533613, -2.98023e-08)
bones/10/enabled = true
bones/10/position = Vector3(4.91738e-07, 0.533613, -2.98023e-08)
bones/10/rotation = Quaternion(4.47035e-08, 2.71946e-07, -2.98023e-08, 1)
bones/10/scale = Vector3(1, 1, 1)
bones/11/name = "ear1_R"
bones/11/parent = 4
bones/11/rest = Transform3D(0.762333, -0.412853, 0.498398, 0.498398, 0.865771, -0.0451622, -0.412854, 0.28283, 0.865771, -0.486493, 0.92812, -0.329266)
bones/11/enabled = true
bones/11/position = Vector3(-0.486493, 0.92812, -0.329266)
bones/11/rotation = Quaternion(0.0877363, 0.243756, 0.243756, 0.934595)
bones/11/scale = Vector3(1, 1, 1)
bones/12/name = "ear2_R"
bones/12/parent = 11
bones/12/rest = Transform3D(0.565071, -0.508993, 0.649323, 0.615626, 0.784081, 0.0788804, -0.549271, 0.355167, 0.756411, 4.28408e-07, 0.434706, -4.02331e-07)
bones/12/enabled = true
bones/12/position = Vector3(4.28408e-07, 0.434706, -4.02331e-07)
bones/12/rotation = Quaternion(0.0783898, 0.340073, 0.319084, 0.88113)
bones/12/scale = Vector3(1, 1, 1)
bones/13/name = "ear3_R"
bones/13/parent = 12
bones/13/rest = Transform3D(-0.386884, -0.918573, 0.0808973, -0.850234, 0.321384, -0.41691, 0.356963, -0.230077, -0.905341, -9.23872e-07, 0.533614, 1.49012e-07)
bones/13/enabled = true
bones/13/position = Vector3(-9.23872e-07, 0.533614, 1.49012e-07)
bones/13/rotation = Quaternion(0.547054, -0.808333, 0.200099, 0.0853812)
bones/13/scale = Vector3(1, 1, 1)
bones/14/name = "ear3_R_end"
bones/14/parent = 13
bones/14/rest = Transform3D(1, -7.45058e-09, -8.9407e-08, 7.45058e-09, 1, 7.45058e-09, 8.9407e-08, -7.45058e-09, 1, 2.83122e-07, 0.533615, 1.49012e-07)
bones/14/enabled = true
bones/14/position = Vector3(2.83122e-07, 0.533615, 1.49012e-07)
bones/14/rotation = Quaternion(-3.72529e-09, -4.47035e-08, 3.72529e-09, 1)
bones/14/scale = Vector3(1, 1, 1)
bones/15/name = "Eye_R"
bones/15/parent = 4
bones/15/rest = Transform3D(1, 0.000414173, -0.000414319, -0.000414319, 1, -0.000351475, 0.000414173, 0.000351646, 1, -0.245591, 0.460621, 0.212269)
bones/15/enabled = true
bones/15/position = Vector3(-0.245591, 0.460621, 0.212269)
bones/15/rotation = Quaternion(0.00017578, -0.000207123, -0.000207123, 1)
bones/15/scale = Vector3(1, 1, 1)
bones/16/name = "Eye_R_end"
bones/16/parent = 15
bones/16/rest = Transform3D(1, -2.20552e-11, -2.16076e-11, 2.20552e-11, 1, 1.45377e-11, 2.16076e-11, -1.45377e-11, 1, -2.05182e-09, 0.987346, 1.26602e-09)
bones/16/enabled = true
bones/16/position = Vector3(-2.05182e-09, 0.987346, 1.26602e-09)
bones/16/rotation = Quaternion(-7.26885e-12, -1.08038e-11, 1.10276e-11, 1)
bones/16/scale = Vector3(1, 1, 1)
bones/17/name = "ponytail_1"
bones/17/parent = 4
bones/17/rest = Transform3D(1, 3.38813e-20, 2.04741e-13, -1.95431e-13, 0.298126, 0.954527, -6.10385e-14, -0.954527, 0.298126, -8.97139e-05, 1.19225, -1.02406)
bones/17/enabled = true
bones/17/position = Vector3(-8.97139e-05, 1.19225, -1.02406)
bones/17/rotation = Quaternion(-0.5924, 8.24743e-14, -6.06443e-14, 0.805644)
bones/17/scale = Vector3(1, 1, 1)
bones/18/name = "ponytail_2"
bones/18/parent = 17
bones/18/rest = Transform3D(1, 1.93331e-13, 3.87739e-13, -4.32705e-13, 0.491086, 0.871111, -2.20003e-14, -0.871111, 0.491086, -5.19711e-12, 0.861112, -3.57628e-07)
bones/18/enabled = true
bones/18/position = Vector3(-5.19711e-12, 0.861112, -3.57628e-07)
bones/18/rotation = Quaternion(-0.504438, 1.18634e-13, -1.8126e-13, 0.863448)
bones/18/scale = Vector3(1, 1, 1)
bones/19/name = "ponytail_3"
bones/19/parent = 18
bones/19/rest = Transform3D(1, 5.9498e-12, 5.07058e-12, -7.80799e-12, 0.791927, 0.610616, -3.82482e-13, -0.610616, 0.791927, -9.21572e-19, 1.01628, -1.19209e-07)
bones/19/enabled = true
bones/19/position = Vector3(-9.21572e-19, 1.01628, -1.19209e-07)
bones/19/rotation = Quaternion(-0.322547, 1.44024e-12, -3.63365e-12, 0.946553)
bones/19/scale = Vector3(1, 1, 1)
bones/20/name = "ponytail_4"
bones/20/parent = 19
bones/20/rest = Transform3D(1, -4.60392e-12, -6.31782e-12, 5.9498e-12, 0.972452, 0.233104, 5.07058e-12, -0.233104, 0.972452, -9.00519e-13, 1.22289, -2.38419e-07)
bones/20/enabled = true
bones/20/position = Vector3(-9.00519e-13, 1.22289, -2.38419e-07)
bones/20/rotation = Quaternion(-0.117363, -2.86692e-12, 2.65679e-12, 0.993089)
bones/20/scale = Vector3(1, 1, 1)
bones/21/name = "ponytail_4_end"
bones/21/parent = 20
bones/21/rest = Transform3D(1, -4.33681e-19, 6.98434e-21, 4.33681e-19, 1, -3.76254e-07, -6.98417e-21, 3.76254e-07, 1, 2.69695e-18, 1.22289, 0)
bones/21/enabled = true
bones/21/position = Vector3(2.69695e-18, 1.22289, 0)
bones/21/rotation = Quaternion(1.88127e-07, 3.49213e-21, 2.1684e-19, 1)
bones/21/scale = Vector3(1, 1, 1)
bones/22/name = "EmoBang"
bones/22/parent = 4
bones/22/rest = Transform3D(0.999768, 0.0158261, 0.0146438, 0.0146356, -0.996837, 0.0781174, 0.0158336, -0.0778842, -0.996846, -0.518595, 0.576268, 0.77679)
bones/22/enabled = true
bones/22/position = Vector3(-0.518595, 0.576268, 0.77679)
bones/22/rotation = Quaternion(-0.99918, -0.00762168, -0.00762556, 0.0390322)
bones/22/scale = Vector3(1, 1, 1.00001)
bones/23/name = "EmoBang_end"
bones/23/parent = 22
bones/23/rest = Transform3D(1, 5.58793e-09, 9.90112e-08, -5.58794e-09, 1, 2.58588e-08, -9.90112e-08, -2.58588e-08, 1, 9.31323e-10, 0.987348, 2.04891e-08)
bones/23/enabled = true
bones/23/position = Vector3(9.31323e-10, 0.987348, 2.04891e-08)
bones/23/rotation = Quaternion(-1.29294e-08, 4.95056e-08, -2.79397e-09, 1)
bones/23/scale = Vector3(1, 1, 1)
bones/24/name = "longBangs1_L"
bones/24/parent = 4
bones/24/rest = Transform3D(0.990386, -0.0948026, -0.100726, -0.100748, -0.993353, -0.0556667, -0.0947789, 0.0652796, -0.993355, 0.743132, 0.291111, 0.520606)
bones/24/enabled = true
bones/24/position = Vector3(0.743132, 0.291111, 0.520606)
bones/24/rotation = Quaternion(0.997133, -0.0490282, -0.0490168, 0.0303235)
bones/24/scale = Vector3(0.999999, 1, 0.999999)
bones/25/name = "longBangs2_L"
bones/25/parent = 24
bones/25/rest = Transform3D(0.991644, 0.0829675, 0.0987862, -0.0882179, 0.994845, 0.0500164, -0.0941271, -0.0583131, 0.993851, 1.2666e-07, 0.649315, 7.45058e-09)
bones/25/enabled = true
bones/25/position = Vector3(1.2666e-07, 0.649315, 7.45058e-09)
bones/25/rotation = Quaternion(-0.0271492, 0.0483473, -0.0429019, 0.997539)
bones/25/scale = Vector3(1, 1, 1)
bones/26/name = "longBangs2_L_end"
bones/26/parent = 25
bones/26/rest = Transform3D(1, -9.01928e-08, -2.03436e-08, 9.01928e-08, 1, 8.96271e-08, 2.03436e-08, -8.96271e-08, 1, -7.49715e-08, 0.649315, 1.76486e-07)
bones/26/enabled = true
bones/26/position = Vector3(-7.49715e-08, 0.649315, 1.76486e-07)
bones/26/rotation = Quaternion(-4.48135e-08, -1.01718e-08, 4.50964e-08, 1)
bones/26/scale = Vector3(1, 1, 1)
bones/27/name = "longBangs1_R"
bones/27/parent = 4
bones/27/rest = Transform3D(0.990386, 0.0948026, 0.100726, 0.100748, -0.993353, -0.0556667, 0.0947789, 0.0652796, -0.993355, -0.743135, 0.291111, 0.520606)
bones/27/enabled = true
bones/27/position = Vector3(-0.743135, 0.291111, 0.520606)
bones/27/rotation = Quaternion(0.997133, 0.0490282, 0.0490168, 0.0303235)
bones/27/scale = Vector3(0.999999, 1, 0.999999)
bones/28/name = "longBangs2_R"
bones/28/parent = 27
bones/28/rest = Transform3D(0.991644, -0.0829671, -0.0987857, 0.0882175, 0.994845, 0.0500164, 0.0941267, -0.0583131, 0.993851, -1.2666e-07, 0.649315, 7.45058e-09)
bones/28/enabled = true
bones/28/position = Vector3(-1.2666e-07, 0.649315, 7.45058e-09)
bones/28/rotation = Quaternion(-0.0271492, -0.0483471, 0.0429017, 0.997539)
bones/28/scale = Vector3(1, 1, 1)
bones/29/name = "longBangs2_R_end"
bones/29/parent = 28
bones/29/rest = Transform3D(1, -9.70904e-08, -1.61643e-07, 9.70904e-08, 1, 7.84275e-08, 1.61643e-07, -7.84276e-08, 1, 1.35042e-08, 0.649315, 1.35042e-07)
bones/29/enabled = true
bones/29/position = Vector3(1.35042e-08, 0.649315, 1.35042e-07)
bones/29/rotation = Quaternion(-3.92138e-08, -8.08213e-08, 4.85452e-08, 1)
bones/29/scale = Vector3(1, 1, 1)
bones/30/name = "Left_shoulder"
bones/30/parent = 2
bones/30/rest = Transform3D(0.362429, 0.884341, 0.294255, 0.213172, -0.386006, 0.897528, 0.907305, -0.262563, -0.328417, 0.230915, 0.913276, -0.0115454)
bones/30/enabled = true
bones/30/position = Vector3(0.230915, 0.913276, -0.0115454)
bones/30/rotation = Quaternion(-0.720564, -0.380783, -0.416882, 0.402494)
bones/30/scale = Vector3(1, 1, 1)
bones/31/name = "Left_arm"
bones/31/parent = 30
bones/31/rest = Transform3D(0.967617, 0.0413574, -0.249011, 0.0480562, 0.938262, 0.342571, 0.247806, -0.343445, 0.905891, 1.04681e-06, 0.53598, 1.82306e-06)
bones/31/enabled = true
bones/31/position = Vector3(1.04681e-06, 0.53598, 1.82306e-06)
bones/31/rotation = Quaternion(-0.175688, -0.127234, 0.00171556, 0.976188)
bones/31/scale = Vector3(1, 1, 1)
bones/32/name = "Left_elbow"
bones/32/parent = 31
bones/32/rest = Transform3D(0.986445, 0.148965, 0.0688093, -0.151855, 0.98764, 0.038834, -0.0621739, -0.0487567, 0.996874, -2.16812e-06, 1.31601, -3.09944e-06)
bones/32/enabled = true
bones/32/position = Vector3(-2.16812e-06, 1.31601, -3.09944e-06)
bones/32/rotation = Quaternion(-0.0219776, 0.0328653, -0.0754795, 0.996363)
bones/32/scale = Vector3(1, 1, 1)
bones/33/name = "Left_wrist"
bones/33/parent = 32
bones/33/rest = Transform3D(0.978926, -0.0267215, -0.20246, 0.0651182, 0.980494, 0.185447, 0.193555, -0.194723, 0.961571, -2.74181e-06, 1.38685, -2.23145e-06)
bones/33/enabled = true
bones/33/position = Vector3(-2.74181e-06, 1.38685, -2.23145e-06)
bones/33/rotation = Quaternion(-0.0959952, -0.0999964, 0.0231901, 0.990075)
bones/33/scale = Vector3(1, 1, 1)
bones/34/name = "Thumb1_L"
bones/34/parent = 33
bones/34/rest = Transform3D(-0.184892, 0.186537, -0.964893, 0.914336, 0.39259, -0.0993072, 0.360283, -0.900598, -0.243144, 0.107571, 0.128178, -0.133137)
bones/34/enabled = true
bones/34/position = Vector3(0.107571, 0.128178, -0.133137)
bones/34/rotation = Quaternion(-0.407941, -0.674653, 0.370526, 0.491059)
bones/34/scale = Vector3(1, 1, 1)
bones/35/name = "Thumb2_L"
bones/35/parent = 34
bones/35/rest = Transform3D(0.745298, 0.373649, 0.552193, -0.194422, 0.914011, -0.356066, -0.637754, 0.158017, 0.753857, -1.86637e-05, 0.181532, -7.16299e-05)
bones/35/enabled = true
bones/35/position = Vector3(-1.86637e-05, 0.181532, -7.16299e-05)
bones/35/rotation = Quaternion(0.139131, 0.322047, -0.153742, 0.923738)
bones/35/scale = Vector3(1, 1, 1)
bones/36/name = "Thumb3_L"
bones/36/parent = 35
bones/36/rest = Transform3D(0.983049, 0.11797, 0.140347, -0.0455002, 0.898522, -0.436563, -0.177606, 0.422777, 0.888659, 1.50502e-05, 0.155479, -1.90958e-05)
bones/36/enabled = true
bones/36/position = Vector3(1.50502e-05, 0.155479, -1.90958e-05)
bones/36/rotation = Quaternion(0.221285, 0.0818745, -0.0420946, 0.970854)
bones/36/scale = Vector3(1, 1, 1)
bones/37/name = "Thumb3_L_end"
bones/37/parent = 36
bones/37/rest = Transform3D(1, -4.56348e-08, 2.23517e-08, 4.56348e-08, 1, -5.96047e-08, -2.23517e-08, 5.96046e-08, 1, 1.63913e-07, 0.155478, 2.98023e-08)
bones/37/enabled = true
bones/37/position = Vector3(1.63913e-07, 0.155478, 2.98023e-08)
bones/37/rotation = Quaternion(2.98023e-08, 1.11759e-08, 2.28174e-08, 1)
bones/37/scale = Vector3(1, 1, 1)
bones/38/name = "IndexFinger1_L"
bones/38/parent = 33
bones/38/rest = Transform3D(0.899277, -0.0705222, -0.431657, 0.217555, 0.928289, 0.301576, 0.379435, -0.365109, 0.850132, 0.151536, 0.440823, -0.157236)
bones/38/enabled = true
bones/38/position = Vector3(0.151536, 0.440823, -0.157236)
bones/38/rotation = Quaternion(-0.173821, -0.211472, 0.0751089, 0.958866)
bones/38/scale = Vector3(1, 1, 1)
bones/39/name = "IndexFinger2_L"
bones/39/parent = 38
bones/39/rest = Transform3D(0.993994, -0.083467, -0.0707733, 0.0783267, 0.994285, -0.0725375, 0.0764233, 0.0665585, 0.994851, -1.93715e-07, 0.13744, 1.46031e-06)
bones/39/enabled = true
bones/39/position = Vector3(-1.93715e-07, 0.13744, 1.46031e-06)
bones/39/rotation = Quaternion(0.0348476, -0.036877, 0.040534, 0.997889)
bones/39/scale = Vector3(1, 1, 1)
bones/40/name = "IndexFinger3_L"
bones/40/parent = 39
bones/40/rest = Transform3D(0.995514, -0.0795254, -0.0512679, 0.0741325, 0.992256, -0.0996638, 0.0587967, 0.0954161, 0.9937, 8.49366e-07, 0.140373, -1.8999e-07)
bones/40/enabled = true
bones/40/position = Vector3(8.49366e-07, 0.140373, -1.8999e-07)
bones/40/rotation = Quaternion(0.0488833, -0.0275801, 0.0385038, 0.997681)
bones/40/scale = Vector3(1, 1, 1)
bones/41/name = "IndexFinger3_L_end"
bones/41/parent = 40
bones/41/rest = Transform3D(1, -5.7742e-08, 3.35276e-08, 5.7742e-08, 1, -2.19792e-07, -3.35276e-08, 2.19792e-07, 1, 5.21541e-07, 0.140373, -1.3411e-07)
bones/41/enabled = true
bones/41/position = Vector3(5.21541e-07, 0.140373, -1.3411e-07)
bones/41/rotation = Quaternion(1.09896e-07, 1.67638e-08, 2.8871e-08, 1)
bones/41/scale = Vector3(1, 1, 1)
bones/42/name = "MiddleFinger1_L"
bones/42/parent = 33
bones/42/rest = Transform3D(0.841344, -0.341797, -0.418706, 0.379495, 0.925165, 0.007326, 0.384868, -0.165061, 0.908092, 0.0661018, 0.500371, -0.0329275)
bones/42/enabled = true
bones/42/position = Vector3(0.0661018, 0.500371, -0.0329275)
bones/42/rotation = Quaternion(-0.0449644, -0.2096, 0.188138, 0.958462)
bones/42/scale = Vector3(1, 1, 1)
bones/43/name = "MiddleFinger2_L"
bones/43/parent = 42
bones/43/rest = Transform3D(0.982834, -0.127487, -0.133362, 0.128236, 0.991739, -0.00299311, 0.132642, -0.0141601, 0.991063, -1.69873e-06, 0.192996, 5.66244e-07)
bones/43/enabled = true
bones/43/position = Vector3(-1.69873e-06, 0.192996, 5.66244e-07)
bones/43/rotation = Quaternion(-0.00280382, -0.0667884, 0.0642072, 0.995695)
bones/43/scale = Vector3(1, 1, 1)
bones/44/name = "MiddleFinger3_L"
bones/44/parent = 43
bones/44/rest = Transform3D(0.999998, 0.000503084, 0.00198954, -0.000490807, 0.999981, -0.00616619, -0.00199261, 0.0061652, 0.999979, -3.65078e-07, 0.174656, -2.7474e-08)
bones/44/enabled = true
bones/44/position = Vector3(-3.65078e-07, 0.174656, -2.7474e-08)
bones/44/rotation = Quaternion(0.00308286, 0.000995542, -0.000248474, 0.999995)
bones/44/scale = Vector3(1, 1, 1)
bones/45/name = "MiddleFinger3_L_end"
bones/45/parent = 44
bones/45/rest = Transform3D(1, -5.73322e-06, -6.22357e-06, 5.73323e-06, 1, 1.45145e-06, 6.22356e-06, -1.45148e-06, 1, 7.45058e-09, 0.174655, -2.98023e-08)
bones/45/enabled = true
bones/45/position = Vector3(7.45058e-09, 0.174655, -2.98023e-08)
bones/45/rotation = Quaternion(-7.25733e-07, -3.11178e-06, 2.86661e-06, 1)
bones/45/scale = Vector3(1, 1, 1)
bones/46/name = "RingFinger1_L"
bones/46/parent = 33
bones/46/rest = Transform3D(0.833422, -0.414894, -0.365062, 0.409712, 0.907185, -0.0956601, 0.370867, -0.069845, 0.926056, -0.0525953, 0.461886, 0.0980254)
bones/46/enabled = true
bones/46/position = Vector3(-0.0525953, 0.461886, 0.0980254)
bones/46/rotation = Quaternion(0.00674077, -0.192163, 0.215318, 0.957427)
bones/46/scale = Vector3(1, 1, 1)
bones/47/name = "RingFinger2_L"
bones/47/parent = 46
bones/47/rest = Transform3D(0.985045, -0.117744, -0.125787, 0.122973, 0.991806, 0.0346205, 0.12068, -0.0495712, 0.991453, 3.91155e-07, 0.193166, 7.52509e-07)
bones/47/enabled = true
bones/47/position = Vector3(3.91155e-07, 0.193166, 7.52509e-07)
bones/47/rotation = Quaternion(-0.0211318, -0.0618625, 0.0604193, 0.99603)
bones/47/scale = Vector3(1, 1, 1)
bones/48/name = "RingFinger3_L"
bones/48/parent = 47
bones/48/rest = Transform3D(0.999998, 0.00101042, 0.0014699, -0.00100706, 0.999997, -0.00227839, -0.0014722, 0.0022769, 0.999996, -1.23121e-06, 0.174788, -9.68575e-08)
bones/48/enabled = true
bones/48/position = Vector3(-1.23121e-06, 0.174788, -9.68575e-08)
bones/48/rotation = Quaternion(0.00113882, 0.000735525, -0.000504371, 0.999999)
bones/48/scale = Vector3(1, 1, 1)
bones/49/name = "RingFinger3_L_end"
bones/49/parent = 48
bones/49/rest = Transform3D(1, 1.35042e-08, 1.19479e-16, -1.35042e-08, 1, 1.76951e-08, 1.19479e-16, -1.76951e-08, 1, -2.85916e-07, 0.174787, 0)
bones/49/enabled = true
bones/49/position = Vector3(-2.85916e-07, 0.174787, 0)
bones/49/rotation = Quaternion(-8.84756e-09, 0, -6.75209e-09, 1)
bones/49/scale = Vector3(1, 1, 1)
bones/50/name = "PinkyFinger1_L"
bones/50/parent = 33
bones/50/rest = Transform3D(0.865558, -0.457912, -0.202793, 0.408617, 0.879853, -0.242674, 0.289552, 0.127184, 0.948675, -0.179755, 0.402634, 0.198843)
bones/50/enabled = true
bones/50/position = Vector3(-0.179755, 0.402634, 0.198843)
bones/50/rotation = Quaternion(0.0962171, -0.128081, 0.225424, 0.961)
bones/50/scale = Vector3(1, 1, 1)
bones/51/name = "PinkyFinger2_L"
bones/51/parent = 50
bones/51/rest = Transform3D(0.99762, -0.0525379, -0.044659, 0.0532767, 0.998459, 0.0155161, 0.043775, -0.0178584, 0.998882, -2.12714e-06, 0.121231, 1.58697e-06)
bones/51/enabled = true
bones/51/position = Vector3(-2.12714e-06, 0.121231, 1.58697e-06)
bones/51/rotation = Quaternion(-0.0083489, -0.0221224, 0.0264703, 0.99937)
bones/51/scale = Vector3(1, 1, 1)
bones/52/name = "PinkyFinger3_L"
bones/52/parent = 51
bones/52/rest = Transform3D(0.982762, -0.132086, -0.129356, 0.141427, 0.987755, 0.0658637, 0.119072, -0.0830227, 0.989408, -5.21541e-08, 0.125631, -4.17233e-07)
bones/52/enabled = true
bones/52/position = Vector3(-5.21541e-08, 0.125631, -4.17233e-07)
bones/52/rotation = Quaternion(-0.0374095, -0.0624206, 0.0687233, 0.994978)
bones/52/scale = Vector3(1, 1, 1)
bones/53/name = "PinkyFinger3_L_end"
bones/53/parent = 52
bones/53/rest = Transform3D(1, -2.6077e-08, -3.72529e-09, 2.6077e-08, 1, -4.09782e-08, 3.72529e-09, 4.09782e-08, 1, 3.09199e-07, 0.125631, 5.96046e-08)
bones/53/enabled = true
bones/53/position = Vector3(3.09199e-07, 0.125631, 5.96046e-08)
bones/53/rotation = Quaternion(2.04891e-08, -1.86264e-09, 1.30385e-08, 1)
bones/53/scale = Vector3(1, 1, 1)
bones/54/name = "sleeve_L"
bones/54/parent = 32
bones/54/rest = Transform3D(0.374974, -0.524502, -0.76439, 0.756504, 0.649708, -0.074705, 0.535814, -0.550252, 0.640411, -0.121968, 0.834305, -0.186138)
bones/54/enabled = true
bones/54/position = Vector3(-0.121968, 0.834305, -0.186138)
bones/54/rotation = Quaternion(-0.145649, -0.398222, 0.392342, 0.816256)
bones/54/scale = Vector3(1, 1, 1)
bones/55/name = "sleeve_L_end"
bones/55/parent = 54
bones/55/rest = Transform3D(1, -5.42879e-09, 2.35919e-07, 5.42876e-09, 1, 1.05501e-07, -2.35919e-07, -1.05501e-07, 1, -2.66125e-07, 1.12516, -1.21072e-08)
bones/55/enabled = true
bones/55/position = Vector3(-2.66125e-07, 1.12516, -1.21072e-08)
bones/55/rotation = Quaternion(-5.27507e-08, 1.1796e-07, 2.71439e-09, 1)
bones/55/scale = Vector3(1, 1, 1)
bones/56/name = "Right_shoulder"
bones/56/parent = 2
bones/56/rest = Transform3D(0.362429, -0.884341, -0.294255, -0.213172, -0.386007, 0.897528, -0.907305, -0.262563, -0.328417, -0.230918, 0.913276, -0.0115454)
bones/56/enabled = true
bones/56/position = Vector3(-0.230918, 0.913276, -0.0115454)
bones/56/rotation = Quaternion(-0.720564, 0.380783, 0.416882, 0.402494)
bones/56/scale = Vector3(1, 1, 1)
bones/57/name = "Right_arm"
bones/57/parent = 56
bones/57/rest = Transform3D(0.967617, -0.0413571, 0.249011, -0.0480564, 0.938262, 0.342571, -0.247805, -0.343444, 0.905891, -3.41795e-07, 0.535981, 7.54371e-08)
bones/57/enabled = true
bones/57/position = Vector3(-3.41795e-07, 0.535981, 7.54371e-08)
bones/57/rotation = Quaternion(-0.175687, 0.127234, -0.00171569, 0.976188)
bones/57/scale = Vector3(1, 1, 1)
bones/58/name = "Right_elbow"
bones/58/parent = 57
bones/58/rest = Transform3D(0.986445, -0.148965, -0.0688087, 0.151854, 0.987639, 0.0388342, 0.0621732, -0.0487568, 0.996874, 2.53692e-06, 1.31601, -3.26708e-06)
bones/58/enabled = true
bones/58/position = Vector3(2.53692e-06, 1.31601, -3.26708e-06)
bones/58/rotation = Quaternion(-0.0219777, -0.032865, 0.0754794, 0.996363)
bones/58/scale = Vector3(1, 1, 1)
bones/59/name = "Right_wrist"
bones/59/parent = 58
bones/59/rest = Transform3D(0.978926, 0.0267216, 0.202459, -0.0651181, 0.980494, 0.185447, -0.193555, -0.194723, 0.961572, 2.80142e-06, 1.38685, -3.63961e-06)
bones/59/enabled = true
bones/59/position = Vector3(2.80142e-06, 1.38685, -3.63961e-06)
bones/59/rotation = Quaternion(-0.0959951, 0.0999959, -0.0231901, 0.990075)
bones/59/scale = Vector3(1, 1, 1)
bones/60/name = "Thumb1_R"
bones/60/parent = 59
bones/60/rest = Transform3D(-0.184895, -0.186538, 0.964892, -0.914337, 0.392589, -0.0993099, -0.360281, -0.900599, -0.243146, -0.107569, 0.128178, -0.133136)
bones/60/enabled = true
bones/60/position = Vector3(-0.107569, 0.128178, -0.133136)
bones/60/rotation = Quaternion(-0.407941, 0.674654, -0.370527, 0.491057)
bones/60/scale = Vector3(1, 1, 1)
bones/61/name = "Thumb2_R"
bones/61/parent = 60
bones/61/rest = Transform3D(0.745296, -0.373652, -0.552194, 0.194423, 0.91401, -0.356069, 0.637757, 0.158018, 0.753855, 1.91629e-05, 0.181531, -7.27475e-05)
bones/61/enabled = true
bones/61/position = Vector3(1.91629e-05, 0.181531, -7.27475e-05)
bones/61/rotation = Quaternion(0.139133, -0.322048, 0.153744, 0.923737)
bones/61/scale = Vector3(1, 1, 1)
bones/62/name = "Thumb3_R"
bones/62/parent = 61
bones/62/rest = Transform3D(0.983049, -0.11797, -0.140346, 0.0455003, 0.898523, -0.436562, 0.177606, 0.422777, 0.88866, -1.38925e-05, 0.155479, -2.07275e-05)
bones/62/enabled = true
bones/62/position = Vector3(-1.38925e-05, 0.155479, -2.07275e-05)
bones/62/rotation = Quaternion(0.221284, -0.0818744, 0.0420946, 0.970854)
bones/62/scale = Vector3(1, 1, 1)
bones/63/name = "Thumb3_R_end"
bones/63/parent = 62
bones/63/rest = Transform3D(1, -1.86264e-09, 1.30385e-08, 1.86265e-09, 1, -7.26432e-08, -1.30385e-08, 7.26432e-08, 1, -1.8999e-07, 0.155479, 8.9407e-08)
bones/63/enabled = true
bones/63/position = Vector3(-1.8999e-07, 0.155479, 8.9407e-08)
bones/63/rotation = Quaternion(3.63216e-08, 6.51926e-09, 9.31323e-10, 1)
bones/63/scale = Vector3(1, 1, 1)
bones/64/name = "IndexFinger1_R"
bones/64/parent = 59
bones/64/rest = Transform3D(0.899276, 0.0705231, 0.431658, -0.217556, 0.92829, 0.301575, -0.379436, -0.365109, 0.850132, -0.151534, 0.440822, -0.157234)
bones/64/enabled = true
bones/64/position = Vector3(-0.151534, 0.440822, -0.157234)
bones/64/rotation = Quaternion(-0.173821, 0.211472, -0.0751094, 0.958866)
bones/64/scale = Vector3(1, 1, 1)
bones/65/name = "IndexFinger2_R"
bones/65/parent = 64
bones/65/rest = Transform3D(0.993997, 0.083454, 0.0707557, -0.0783149, 0.994286, -0.0725374, -0.0764049, 0.0665607, 0.994853, -4.02331e-07, 0.137439, -5.51343e-07)
bones/65/enabled = true
bones/65/position = Vector3(-4.02331e-07, 0.137439, -5.51343e-07)
bones/65/rotation = Quaternion(0.0348481, 0.0368679, -0.0405277, 0.99789)
bones/65/scale = Vector3(1, 1, 1)
bones/66/name = "IndexFinger3_R"
bones/66/parent = 65
bones/66/rest = Transform3D(0.995511, 0.079543, 0.0512844, -0.0741483, 0.992254, -0.0996684, -0.0588151, 0.0954184, 0.993698, 7.45058e-08, 0.140375, 2.04891e-07)
bones/66/enabled = true
bones/66/position = Vector3(7.45058e-08, 0.140375, 2.04891e-07)
bones/66/rotation = Quaternion(0.0488851, 0.0275889, -0.0385122, 0.99768)
bones/66/scale = Vector3(1, 1, 1)
bones/67/name = "IndexFinger3_R_end"
bones/67/parent = 66
bones/67/rest = Transform3D(1, -1.65962e-06, -1.29081e-06, 1.65962e-06, 1, 1.96323e-06, 1.29081e-06, -1.96323e-06, 1, -1.63913e-07, 0.140375, 7.45058e-08)
bones/67/enabled = true
bones/67/position = Vector3(-1.63913e-07, 0.140375, 7.45058e-08)
bones/67/rotation = Quaternion(-9.81614e-07, -6.45407e-07, 8.29808e-07, 1)
bones/67/scale = Vector3(1, 1, 1)
bones/68/name = "MiddleFinger1_R"
bones/68/parent = 59
bones/68/rest = Transform3D(0.841345, 0.341796, 0.418706, -0.379494, 0.925165, 0.00732608, -0.384868, -0.16506, 0.908092, -0.0661007, 0.500369, -0.0329263)
bones/68/enabled = true
bones/68/position = Vector3(-0.0661007, 0.500369, -0.0329263)
bones/68/rotation = Quaternion(-0.0449643, 0.2096, -0.188137, 0.958463)
bones/68/scale = Vector3(1, 1, 1)
bones/69/name = "MiddleFinger2_R"
bones/69/parent = 68
bones/69/rest = Transform3D(0.982833, 0.127491, 0.133365, -0.12824, 0.991739, -0.0029933, -0.132645, -0.0141608, 0.991062, -1.3411e-07, 0.192995, -1.49012e-08)
bones/69/enabled = true
bones/69/position = Vector3(-1.3411e-07, 0.192995, -1.49012e-08)
bones/69/rotation = Quaternion(-0.00280393, 0.0667899, -0.064209, 0.995695)
bones/69/scale = Vector3(1, 1, 1)
bones/70/name = "MiddleFinger3_R"
bones/70/parent = 69
bones/70/rest = Transform3D(0.999998, -0.000494779, -0.00198042, 0.000482564, 0.999981, -0.00616392, 0.00198343, 0.00616296, 0.999979, -1.49012e-08, 0.174656, -5.44824e-08)
bones/70/enabled = true
bones/70/position = Vector3(-1.49012e-08, 0.174656, -5.44824e-08)
bones/70/rotation = Quaternion(0.00308174, -0.000990968, 0.000244337, 0.999995)
bones/70/scale = Vector3(1, 1, 1)
bones/71/name = "MiddleFinger3_R_end"
bones/71/parent = 70
bones/71/rest = Transform3D(1, -2.55555e-06, -2.79164e-06, 2.55555e-06, 1, -6.35398e-07, 2.79164e-06, 6.35391e-07, 1, -1.49012e-08, 0.174655, 2.6077e-08)
bones/71/enabled = true
bones/71/position = Vector3(-1.49012e-08, 0.174655, 2.6077e-08)
bones/71/rotation = Quaternion(3.17697e-07, -1.39582e-06, 1.27777e-06, 1)
bones/71/scale = Vector3(1, 1, 1)
bones/72/name = "RingFinger1_R"
bones/72/parent = 59
bones/72/rest = Transform3D(0.833423, 0.414893, 0.365061, -0.409712, 0.907185, -0.0956603, -0.370867, -0.0698443, 0.926056, 0.0525966, 0.461885, 0.0980262)
bones/72/enabled = true
bones/72/position = Vector3(0.0525966, 0.461885, 0.0980262)
bones/72/rotation = Quaternion(0.00674098, 0.192163, -0.215318, 0.957427)
bones/72/scale = Vector3(1, 1, 1)
bones/73/name = "RingFinger2_R"
bones/73/parent = 72
bones/73/rest = Transform3D(0.985044, 0.117747, 0.12579, -0.122976, 0.991805, 0.0346218, -0.120683, -0.0495731, 0.991453, -1.11386e-06, 0.193164, 3.05474e-07)
bones/73/enabled = true
bones/73/position = Vector3(-1.11386e-06, 0.193164, 3.05474e-07)
bones/73/rotation = Quaternion(-0.0211326, 0.0618637, -0.0604205, 0.99603)
bones/73/scale = Vector3(1, 1, 1)
bones/74/name = "RingFinger3_R"
bones/74/parent = 73
bones/74/rest = Transform3D(0.999998, -0.00101229, -0.00147178, 0.00100893, 0.999997, -0.00227948, 0.00147408, 0.002278, 0.999996, 3.35276e-07, 0.174787, 2.23517e-08)
bones/74/enabled = true
bones/74/position = Vector3(3.35276e-07, 0.174787, 2.23517e-08)
bones/74/rotation = Quaternion(0.00113937, -0.000736465, 0.000505304, 0.999999)
bones/74/scale = Vector3(1, 1, 1)
bones/75/name = "RingFinger3_R_end"
bones/75/parent = 74
bones/75/rest = Transform3D(1, 4.16767e-08, -1.58325e-08, -4.16767e-08, 1, 2.42144e-08, 1.58325e-08, -2.42144e-08, 1, -8.6613e-08, 0.174786, 7.07805e-08)
bones/75/enabled = true
bones/75/position = Vector3(-8.6613e-08, 0.174786, 7.07805e-08)
bones/75/rotation = Quaternion(-1.21072e-08, -7.91624e-09, -2.08383e-08, 1)
bones/75/scale = Vector3(1, 1, 1)
bones/76/name = "PinkyFinger1_R"
bones/76/parent = 59
bones/76/rest = Transform3D(0.865559, 0.457911, 0.202792, -0.408616, 0.879853, -0.242675, -0.289551, 0.127186, 0.948675, 0.179755, 0.40263, 0.198844)
bones/76/enabled = true
bones/76/position = Vector3(0.179755, 0.40263, 0.198844)
bones/76/rotation = Quaternion(0.0962177, 0.128081, -0.225423, 0.961)
bones/76/scale = Vector3(1, 1, 1)
bones/77/name = "PinkyFinger2_R"
bones/77/parent = 76
bones/77/rest = Transform3D(0.99762, 0.0525391, 0.0446603, -0.053278, 0.998459, 0.0155174, -0.0437762, -0.0178599, 0.998882, 5.43892e-07, 0.121231, -1.04308e-07)
bones/77/enabled = true
bones/77/position = Vector3(5.43892e-07, 0.121231, -1.04308e-07)
bones/77/rotation = Quaternion(-0.00834959, 0.0221231, -0.026471, 0.99937)
bones/77/scale = Vector3(1, 1, 1)
bones/78/name = "PinkyFinger3_R"
bones/78/parent = 77
bones/78/rest = Transform3D(0.982762, 0.132084, 0.129354, -0.141424, 0.987756, 0.0658625, -0.119071, -0.0830209, 0.989409, -1.86265e-07, 0.125631, 2.38419e-07)
bones/78/enabled = true
bones/78/position = Vector3(-1.86265e-07, 0.125631, 2.38419e-07)
bones/78/rotation = Quaternion(-0.0374087, 0.0624195, -0.0687221, 0.994978)
bones/78/scale = Vector3(1, 1, 1)
bones/79/name = "PinkyFinger3_R_end"
bones/79/parent = 78
bones/79/rest = Transform3D(1, 1.49012e-08, -1.67638e-08, -1.49012e-08, 1, -3.72529e-09, 1.67638e-08, 3.72529e-09, 1, -1.08033e-07, 0.125631, 5.96046e-08)
bones/79/enabled = true
bones/79/position = Vector3(-1.08033e-07, 0.125631, 5.96046e-08)
bones/79/rotation = Quaternion(1.86265e-09, -8.3819e-09, -7.45058e-09, 1)
bones/79/scale = Vector3(1, 1, 1)
bones/80/name = "sleeve_R"
bones/80/parent = 58
bones/80/rest = Transform3D(0.374975, 0.524502, 0.76439, -0.756504, 0.649709, -0.0747044, -0.535813, -0.550251, 0.640412, 0.121967, 0.834305, -0.186139)
bones/80/enabled = true
bones/80/position = Vector3(0.121967, 0.834305, -0.186139)
bones/80/rotation = Quaternion(-0.145649, 0.398221, -0.392342, 0.816256)
bones/80/scale = Vector3(1, 1, 1)
bones/81/name = "sleeve_R_end"
bones/81/parent = 80
bones/81/rest = Transform3D(1, 4.38449e-08, -8.21274e-08, -4.38449e-08, 1, 1.78115e-08, 8.21274e-08, -1.78115e-08, 1, 6.91507e-08, 1.12516, -1.86265e-08)
bones/81/enabled = true
bones/81/position = Vector3(6.91507e-08, 1.12516, -1.86265e-08)
bones/81/rotation = Quaternion(-8.90577e-09, -4.10637e-08, -2.19225e-08, 1)
bones/81/scale = Vector3(1, 1, 1)
bones/82/name = "tail1"
bones/82/parent = 0
bones/82/rest = Transform3D(1, 0, 0, 0, -0.511339, 0.859379, 0, -0.859379, -0.511339, -8.99552e-05, 0.347142, -0.505448)
bones/82/enabled = true
bones/82/position = Vector3(-8.99552e-05, 0.347142, -0.505448)
bones/82/rotation = Quaternion(-0.869293, 0, 0, 0.494298)
bones/82/scale = Vector3(1, 1, 1)
bones/83/name = "tail2"
bones/83/parent = 82
bones/83/rest = Transform3D(1, 0, 0, 0, 0.84528, 0.534323, 0, -0.534323, 0.84528, -2.91038e-11, 0.704897, 0.00158268)
bones/83/enabled = true
bones/83/position = Vector3(-2.91038e-11, 0.704897, 0.00158268)
bones/83/rotation = Quaternion(-0.278136, 0, 0, 0.960542)
bones/83/scale = Vector3(1, 1, 1)
bones/84/name = "tail3"
bones/84/parent = 83
bones/84/rest = Transform3D(1, 0, 0, 0, 0.962141, -0.272554, 0, 0.272554, 0.96214, 1.45519e-11, 0.812369, 3.57628e-06)
bones/84/enabled = true
bones/84/position = Vector3(1.45519e-11, 0.812369, 3.57628e-06)
bones/84/rotation = Quaternion(0.137586, 0, 0, 0.99049)
bones/84/scale = Vector3(1, 1, 1)
bones/85/name = "tail4"
bones/85/parent = 84
bones/85/rest = Transform3D(1, 0, 0, 0, 0.777341, -0.629079, 0, 0.629079, 0.777341, -7.27596e-12, 0.831501, -3.69549e-06)
bones/85/enabled = true
bones/85/position = Vector3(-7.27596e-12, 0.831501, -3.69549e-06)
bones/85/rotation = Quaternion(0.33366, 0, 0, 0.942693)
bones/85/scale = Vector3(1, 1, 1)
bones/86/name = "tail5"
bones/86/parent = 85
bones/86/rest = Transform3D(1, -1.91132e-08, 7.55422e-09, 1.9066e-08, 0.725538, -0.688182, 7.67245e-09, 0.688182, 0.725538, 0, 0.75401, -1.50874e-07)
bones/86/enabled = true
bones/86/position = Vector3(0, 0.75401, -1.50874e-07)
bones/86/rotation = Quaternion(0.370447, -3.18207e-11, 1.02759e-08, 0.928854)
bones/86/scale = Vector3(1, 1, 1)
bones/87/name = "tail6"
bones/87/parent = 86
bones/87/rest = Transform3D(1, 5.29771e-09, -1.98297e-08, -1.90834e-08, 0.595679, -0.803222, 7.55691e-09, 0.803222, 0.595679, 2.31637e-12, 0.779629, 1.19209e-07)
bones/87/enabled = true
bones/87/position = Vector3(2.31637e-12, 0.779629, 1.19209e-07)
bones/87/rotation = Quaternion(0.449622, -7.66515e-09, -6.82395e-09, 0.893219)
bones/87/scale = Vector3(1, 1, 1)
bones/88/name = "tail7"
bones/88/parent = 87
bones/88/rest = Transform3D(1, 4.91407e-11, -1.64284e-10, -1.47718e-10, 0.733413, -0.679783, 8.70831e-11, 0.679783, 0.733413, -3.33319e-12, 0.731663, 5.96046e-08)
bones/88/enabled = true
bones/88/position = Vector3(-3.33319e-12, 0.731663, 5.96046e-08)
bones/88/rotation = Quaternion(0.365094, -6.75014e-11, -5.28638e-11, 0.930971)
bones/88/scale = Vector3(1, 1, 1)
bones/89/name = "tail7_end"
bones/89/parent = 88
bones/89/rest = Transform3D(1, -3.97776e-11, 1.07525e-10, 3.97776e-11, 1, -1.93715e-07, -1.07525e-10, 1.93715e-07, 1, -4.74425e-12, 0.731664, 1.24345e-14)
bones/89/enabled = true
bones/89/position = Vector3(-4.74425e-12, 0.731664, 1.24345e-14)
bones/89/rotation = Quaternion(9.68575e-08, 5.37623e-11, 1.98888e-11, 1)
bones/89/scale = Vector3(1, 1, 1)
bones/90/name = "Left_leg"
bones/90/parent = 0
bones/90/rest = Transform3D(1, 0, 0, 0, -0.982291, -0.187363, 0, 0.187364, -0.982286, 0.619083, -0.147693, 0.0204882)
bones/90/enabled = true
bones/90/position = Vector3(0.619083, -0.147693, 0.0204882)
bones/90/rotation = Quaternion(0.995563, 0, 0, 0.0940993)
bones/90/scale = Vector3(1, 1, 0.999995)
bones/91/name = "Left_knee"
bones/91/parent = 90
bones/91/rest = Transform3D(1, -5.37491e-08, -4.77664e-08, 4.49847e-08, 0.98586, -0.167573, 5.60979e-08, 0.167573, 0.98586, 0, 2.06935, 2.23517e-08)
bones/91/enabled = true
bones/91/position = Vector3(0, 2.06935, 2.23517e-08)
bones/91/rotation = Quaternion(0.0840842, -2.60584e-08, 2.47712e-08, 0.996459)
bones/91/scale = Vector3(1, 1, 1)
bones/92/name = "Left_ankle"
bones/92/parent = 91
bones/92/rest = Transform3D(-1, -2.77112e-13, -1.50995e-07, 1.4995e-07, -0.117458, -0.993078, -1.77354e-08, -0.993078, 0.117458, -1.53696e-09, 2.21789, 1.23381e-08)
bones/92/enabled = true
bones/92/position = Vector3(-1.53696e-09, 2.21789, 1.23381e-08)
bones/92/rotation = Quaternion(-5.64331e-08, -0.664282, 0.747482, 5.01519e-08)
bones/92/scale = Vector3(1, 1, 1)
bones/93/name = "Left_ankle_end"
bones/93/parent = 92
bones/93/rest = Transform3D(1, 2.68744e-08, 2.38836e-08, -2.68744e-08, 1, 5.90823e-09, -2.38836e-08, -5.90823e-09, 1, -1.06875e-08, 2.2179, 6.47056e-09)
bones/93/enabled = true
bones/93/position = Vector3(-1.06875e-08, 2.2179, 6.47056e-09)
bones/93/rotation = Quaternion(-2.95412e-09, 1.19418e-08, -1.34372e-08, 1)
bones/93/scale = Vector3(1, 1, 1)
bones/94/name = "Right_leg"
bones/94/parent = 0
bones/94/rest = Transform3D(1, 5.76071e-08, 6.0594e-08, 6.79399e-08, -0.982291, -0.187364, 4.87271e-08, 0.187362, -0.982299, -0.619086, -0.147693, 0.0204882)
bones/94/enabled = true
bones/94/position = Vector3(-0.619086, -0.147693, 0.0204882)
bones/94/rotation = Quaternion(0.995563, 3.15266e-08, 2.7452e-08, 0.0940987)
bones/94/scale = Vector3(1, 1, 1.00001)
bones/95/name = "Right_knee"
bones/95/parent = 94
bones/95/rest = Transform3D(1, -1.31977e-08, -2.32402e-09, 1.26216e-08, 0.98586, -0.16757, 4.50269e-09, 0.16757, 0.98586, 3.168e-08, 2.06935, -1.51589e-08)
bones/95/enabled = true
bones/95/position = Vector3(3.168e-08, 2.06935, -1.51589e-08)
bones/95/rotation = Quaternion(0.0840825, -1.71274e-09, 6.47775e-09, 0.996459)
bones/95/scale = Vector3(1, 1, 1)
bones/96/name = "Right_ankle"
bones/96/parent = 95
bones/96/rest = Transform3D(-1, 3.76242e-07, -3.39499e-08, -1.0477e-08, -0.117456, -0.993078, -3.77625e-07, -0.993078, 0.117456, 1.53733e-09, 2.21789, -1.81371e-07)
bones/96/enabled = true
bones/96/position = Vector3(1.53733e-09, 2.21789, -1.81371e-07)
bones/96/rotation = Quaternion(1.37654e-07, 0.664283, -0.747481, 1.29341e-07)
bones/96/scale = Vector3(1, 1, 1)
bones/97/name = "Right_ankle_end"
bones/97/parent = 96
bones/97/rest = Transform3D(1, -9.0736e-14, -5.41206e-08, 8.98586e-14, 1, -1.62124e-08, 5.41206e-08, 1.62124e-08, 1, -2.05959e-08, 2.21787, -6.43173e-10)
bones/97/enabled = true
bones/97/position = Vector3(-2.05959e-08, 2.21787, -6.43173e-10)
bones/97/rotation = Quaternion(8.1062e-09, -2.70603e-08, 4.51486e-14, 1)
bones/97/scale = Vector3(1, 1, 1)
bones/98/name = "loincloth"
bones/98/parent = 0
bones/98/rest = Transform3D(1, 0, 0, 0, -0.994692, -0.1029, 0, 0.102897, -0.99472, -1.4082e-06, -0.265827, 1.05615)
bones/98/enabled = true
