[gd_resource type="Skin" format=3 uid="uid://cr3cdlh335cf"]

[resource]
resource_name = "Skin"
bind_count = 104
bind/0/name = &"Hips"
bind/0/bone = -1
bind/0/pose = Transform3D(1, 0, 0, 0, 0.990515, 0.137405, 0, -0.137405, 0.990515, -1.4082e-06, -4.47207, 0.506874)
bind/1/name = &"Spine"
bind/1/bone = -1
bind/1/pose = Transform3D(1, 0, 0, 0, 0.999974, 0.00722772, 0, -0.00722784, 0.999974, -1.4082e-06, -5.09988, -0.158696)
bind/2/name = &"Chest"
bind/2/bone = -1
bind/2/pose = Transform3D(1, 0, 0, 0, 0.995912, -0.0903267, 0, 0.0903266, 0.995912, -1.4082e-06, -6.2539, -0.772273)
bind/3/name = &"Neck"
bind/3/bone = -1
bind/3/pose = Transform3D(1, 0, 0, 0, 1, -1.70371e-07, 0, 6.60631e-08, 1, -1.4082e-06, -7.3103, -0.112418)
bind/4/name = &"Head"
bind/4/bone = -1
bind/4/pose = Transform3D(1, 3.45431e-13, -3.45431e-13, -3.45431e-13, 1, 6.32702e-08, 3.45431e-13, -1.67578e-07, 1, -1.4082e-06, -7.7123, -0.112417)
bind/5/name = &"Eye_L"
bind/5/bone = -1
bind/5/pose = Transform3D(1, 0.000414319, -0.000414173, -0.000414173, 1, 0.00035171, 0.000414319, -0.000351643, 1, -0.248841, -8.17293, -0.321915)
bind/6/name = &"Eye_L_end"
bind/6/bone = -1
bind/6/pose = Transform3D(1, 0.000414319, -0.000414173, -0.000414173, 1, 0.00035171, 0.000414319, -0.000351643, 1, -0.248841, -9.16028, -0.321915)
bind/7/name = &"ear1_L"
bind/7/bone = -1
bind/7/pose = Transform3D(0.762333, -0.498398, 0.412854, 0.412853, 0.865771, 0.28283, -0.498399, -0.0451626, 0.865771, 4.02503, -7.62014, 0.820432)
bind/8/name = &"ear2_L"
bind/8/bone = -1
bind/8/pose = Transform3D(-0.0971471, -0.839428, 0.534718, 0.534717, 0.409113, 0.739394, -0.839428, 0.357753, 0.409113, 7.68384, -3.97555, -2.62833)
bind/9/name = &"ear3_L"
bind/9/bone = -1
bind/9/pose = Transform3D(0.791864, 0.544898, 0.275746, 0.275746, -0.721904, 0.63468, 0.544898, -0.426544, -0.721904, -5.86838, 6.21371, 3.63785)
bind/10/name = &"ear3_L_end"
bind/10/bone = -1
bind/10/pose = Transform3D(0.791864, 0.544899, 0.275747, 0.275746, -0.721904, 0.63468, 0.544899, -0.426544, -0.721904, -5.86838, 5.6801, 3.63785)
bind/11/name = &"ear1_R"
bind/11/bone = -1
bind/11/pose = Transform3D(0.762333, 0.498399, -0.412854, -0.412853, 0.865771, 0.28283, 0.498398, -0.0451623, 0.865771, -4.02503, -7.62014, 0.820429)
bind/12/name = &"ear2_R"
bind/12/bone = -1
bind/12/pose = Transform3D(-0.0971469, 0.839428, -0.534718, -0.534718, 0.409113, 0.739394, 0.839428, 0.357753, 0.409113, -7.68384, -3.97555, -2.62833)
bind/13/name = &"ear3_R"
bind/13/bone = -1
bind/13/pose = Transform3D(0.791865, -0.544899, -0.275747, -0.275747, -0.721905, 0.63468, -0.544899, -0.426544, -0.721904, 5.86838, 6.21372, 3.63785)
bind/14/name = &"ear3_R_end"
bind/14/bone = -1
bind/14/pose = Transform3D(0.791865, -0.544899, -0.275747, -0.275747, -0.721905, 0.63468, -0.544899, -0.426544, -0.721904, 5.86838, 5.6801, 3.63785)
bind/15/name = &"Eye_R"
bind/15/bone = -1
bind/15/pose = Transform3D(1, -0.000414319, 0.000414173, 0.000414173, 1, 0.00035171, -0.000414319, -0.000351643, 1, 0.248841, -8.17293, -0.321915)
bind/16/name = &"Eye_R_end"
bind/16/bone = -1
bind/16/pose = Transform3D(1, -0.000414319, 0.000414173, 0.000414173, 1, 0.00035171, -0.000414319, -0.000351643, 1, 0.248841, -9.16028, -0.321915)
bind/17/name = &"ponytail_1"
bind/17/bone = -1
bind/17/pose = Transform3D(1, 1.5e-13, -4.0647e-13, -4.32705e-13, 0.298126, -0.954527, -2.20003e-14, 0.954527, 0.298126, 8.83057e-05, -3.52486, -8.22784)
bind/18/name = &"ponytail_2"
bind/18/bone = -1
bind/18/pose = Transform3D(1, -8.56931e-20, 7.82667e-20, 5.94996e-21, -0.685094, -0.728455, 1.45129e-19, 0.728455, -0.685094, 8.83057e-05, 5.01348, -7.86124)
bind/19/name = &"ponytail_3"
bind/19/bone = -1
bind/19/pose = Transform3D(1, 5.07058e-12, 5.9498e-12, 5.9498e-12, -0.98735, -0.158553, 5.07058e-12, 0.158553, -0.98735, 8.83056e-05, 7.96569, -3.78477)
bind/20/name = &"ponytail_4"
bind/20/bone = -1
bind/20/pose = Transform3D(1, 4.32428e-19, -3.2947e-20, 4.32428e-19, -0.99711, 0.0759707, 3.29469e-20, -0.0759705, -0.99711, 8.83057e-05, 7.4393, -2.10873)
bind/21/name = &"ponytail_4_end"
bind/21/bone = -1
bind/21/pose = Transform3D(1, 5.30588e-22, 6.96399e-21, -1.2533e-21, -0.99711, 0.0759703, 3.99311e-20, -0.0759701, -0.99711, 8.83057e-05, 6.2164, -2.10873)
bind/22/name = &"EmoBang"
bind/22/bone = -1
bind/22/pose = Transform3D(0.999767, 0.0146357, 0.0158317, 0.0158263, -0.996837, -0.0778839, 0.0146454, 0.0781165, -0.996827, 0.383086, 8.33981, 0.246508)
bind/23/name = &"EmoBang_end"
bind/23/bone = -1
bind/23/pose = Transform3D(0.999767, 0.0146357, 0.0158318, 0.0158263, -0.996837, -0.0778839, 0.0146455, 0.0781165, -0.996827, 0.383086, 7.35246, 0.246508)
bind/24/name = &"longBangs1_L"
bind/24/bone = -1
bind/24/pose = Transform3D(0.990389, -0.100748, -0.0947783, -0.0948025, -0.993354, 0.0652795, -0.100727, -0.0556664, -0.993356, 0.130335, 7.97934, 1.14919)
bind/25/name = &"longBangs2_L"
bind/25/bone = -1
bind/25/pose = Transform3D(0.999957, -0.00703507, -0.00624331, -0.00626997, -0.993345, 0.115005, -0.00701244, -0.114961, -0.993346, -0.625564, 7.23604, 1.52162)
bind/26/name = &"longBangs2_L_end"
bind/26/bone = -1
bind/26/pose = Transform3D(0.999957, -0.00703516, -0.00624332, -0.00627006, -0.993345, 0.115005, -0.00701247, -0.114961, -0.993346, -0.625563, 6.58673, 1.52162)
bind/27/name = &"longBangs1_R"
bind/27/bone = -1
bind/27/pose = Transform3D(0.990389, 0.100748, 0.0947783, 0.0948025, -0.993354, 0.0652795, 0.100727, -0.0556664, -0.993356, -0.130335, 7.97934, 1.14919)
bind/28/name = &"longBangs2_R"
bind/28/bone = -1
bind/28/pose = Transform3D(0.999957, 0.00703548, 0.00624366, 0.00627033, -0.993345, 0.115005, 0.00701286, -0.114961, -0.993346, 0.625561, 7.23604, 1.52162)
bind/29/name = &"longBangs2_R_end"
bind/29/bone = -1
bind/29/pose = Transform3D(0.999957, 0.00703537, 0.00624351, 0.00627023, -0.993345, 0.115005, 0.0070127, -0.114961, -0.993346, 0.625562, 6.58673, 1.52162)
bind/30/name = &"Left_shoulder"
bind/30/bone = -1
bind/30/pose = Transform3D(0.362429, 0.294254, 0.884342, 0.884341, -0.408145, -0.226623, 0.294255, 0.864194, -0.408145, -2.30174, 2.76211, -6.25085)
bind/31/name = &"Left_arm"
bind/31/bone = -1
bind/31/pose = Transform3D(0.466108, 0.479264, 0.743673, 0.743673, -0.66758, -0.0358825, 0.479264, 0.569774, -0.66758, -3.66923, 4.14032, -4.32682)
bind/32/name = &"Left_elbow"
bind/32/bone = -1
bind/32/pose = Transform3D(0.317063, 0.538718, 0.780548, 0.780547, -0.615715, 0.107892, 0.538718, 0.575046, -0.615715, -3.77936, 2.45377, -4.45609)
bind/33/name = &"Left_wrist"
bind/33/bone = -1
bind/33/pose = Transform3D(0.46548, 0.598574, 0.651949, 0.651949, -0.730075, 0.204823, 0.598574, 0.329696, -0.730076, -4.49273, 2.01481, -3.32182)
bind/34/name = &"Thumb1_L"
bind/34/bone = -1
bind/34/pose = Transform3D(0.725693, -0.659422, -0.196297, -0.196296, -0.471888, 0.859529, -0.659422, -0.585222, -0.471888, 1.42674, 2.75427, 5.02676)
bind/35/name = &"Thumb2_L"
bind/35/bone = -1
bind/35/pose = Transform3D(0.999571, -0.0264927, -0.0124621, -0.0124625, -0.770179, 0.637707, -0.0264927, -0.637277, -0.770179, -2.64272, 3.67895, 3.66129)
bind/36/name = &"Thumb3_L"
bind/36/bone = -1
bind/36/pose = Transform3D(0.9879, 0.122184, 0.0955218, 0.0955216, -0.964575, 0.245909, 0.122184, -0.233809, -0.964575, -3.40852, 4.40207, 1.34454)
bind/37/name = &"Thumb3_L_end"
bind/37/bone = -1
bind/37/pose = Transform3D(0.9879, 0.122184, 0.0955219, 0.0955216, -0.964575, 0.245909, 0.122184, -0.233809, -0.964575, -3.40852, 4.24659, 1.34454)
bind/38/name = &"IndexFinger1_L"
bind/38/bone = -1
bind/38/pose = Transform3D(0.787551, 0.50455, 0.353827, 0.353826, -0.840309, 0.410716, 0.50455, -0.198266, -0.840309, -5.03481, 2.94406, -0.210908)
bind/39/name = &"IndexFinger2_L"
bind/39/bone = -1
bind/39/pose = Transform3D(0.849094, 0.420549, 0.319652, 0.319652, -0.890817, 0.322906, 0.420549, -0.172, -0.890817, -4.80086, 3.19678, -0.0570788)
bind/40/name = &"IndexFinger3_L"
bind/40/bone = -1
bind/40/pose = Transform3D(0.893708, 0.342511, 0.289779, 0.289779, -0.933774, 0.209987, 0.342511, -0.103695, -0.933774, -4.5561, 3.40908, -0.115202)
bind/41/name = &"IndexFinger3_L_end"
bind/41/bone = -1
bind/41/pose = Transform3D(0.893708, 0.342511, 0.289779, 0.289779, -0.933774, 0.209987, 0.342511, -0.103695, -0.933774, -4.5561, 3.26871, -0.115203)
bind/42/name = &"MiddleFinger1_L"
bind/42/bone = -1
bind/42/pose = Transform3D(0.869413, 0.353436, 0.34526, 0.34526, -0.93445, 0.087168, 0.353436, 0.0434195, -0.934451, -4.52662, 3.50216, -1.06671)
bind/43/name = &"MiddleFinger2_L"
bind/43/bone = -1
bind/43/pose = Transform3D(0.945643, 0.233298, 0.226564, 0.226564, -0.972404, 0.0556636, 0.233298, -0.0013066, -0.972405, -4.16605, 3.87402, -0.463405)
bind/44/name = &"MiddleFinger3_L"
bind/44/bone = -1
bind/44/pose = Transform3D(0.945065, 0.233777, 0.228474, 0.228474, -0.972276, 0.0497815, 0.233777, 0.00515361, -0.972277, -4.16693, 3.69434, -0.494494)
bind/45/name = &"MiddleFinger3_L_end"
bind/45/bone = -1
bind/45/pose = Transform3D(0.945068, 0.233772, 0.228468, 0.228468, -0.972278, 0.0497816, 0.233772, 0.00515075, -0.972278, -4.16691, 3.51971, -0.494463)
bind/46/name = &"RingFinger1_L"
bind/46/bone = -1
bind/46/pose = Transform3D(0.877045, 0.322018, 0.356507, 0.356506, -0.933685, -0.0336847, 0.322018, 0.15664, -0.933686, -4.33257, 3.48983, -1.6946)
bind/47/name = &"RingFinger2_L"
bind/47/bone = -1
bind/47/pose = Transform3D(0.946631, 0.221287, 0.234355, 0.234355, -0.971715, -0.0291014, 0.221287, 0.0824707, -0.971716, -4.06688, 3.86379, -1.021)
bind/48/name = &"RingFinger3_L"
bind/48/bone = -1
bind/48/pose = Transform3D(0.946068, 0.222143, 0.235815, 0.235815, -0.971301, -0.031077, 0.222143, 0.0850096, -0.971301, -4.06908, 3.68256, -1.03538)
bind/49/name = &"RingFinger3_L_end"
bind/49/bone = -1
bind/49/pose = Transform3D(0.946068, 0.222144, 0.235815, 0.235815, -0.971301, -0.031077, 0.222143, 0.0850096, -0.971301, -4.06908, 3.50777, -1.03538)
bind/50/name = &"PinkyFinger1_L"
bind/50/bone = -1
bind/50/pose = Transform3D(0.842616, 0.315243, 0.4366, 0.436599, -0.87452, -0.211175, 0.315244, 0.368558, -0.874521, -4.09379, 2.94567, -2.85655)
bind/51/name = &"PinkyFinger2_L"
bind/51/bone = -1
bind/51/pose = Transform3D(0.877671, 0.284035, 0.386028, 0.386027, -0.896317, -0.21817, 0.284035, 0.340499, -0.896317, -4.05861, 3.08617, -2.62671)
bind/52/name = &"PinkyFinger3_L"
bind/52/bone = -1
bind/52/pose = Transform3D(0.950957, 0.19292, 0.241791, 0.241791, -0.951128, -0.192073, 0.19292, 0.241116, -0.951128, -3.88272, 3.67845, -1.87889)
bind/53/name = &"PinkyFinger3_L_end"
bind/53/bone = -1
bind/53/pose = Transform3D(0.950957, 0.19292, 0.241791, 0.241791, -0.951128, -0.192073, 0.19292, 0.241116, -0.951129, -3.88272, 3.55282, -1.87889)
bind/54/name = &"sleeve_L"
bind/54/bone = -1
bind/54/pose = Transform3D(0.99803, 0.0443315, 0.0443969, 0.0443974, -0.999014, -0.000501881, 0.0443309, 0.00247219, -0.999014, -2.43419, 5.32004, -0.0598349)
bind/55/name = &"sleeve_L_end"
bind/55/bone = -1
bind/55/pose = Transform3D(0.99803, 0.0443315, 0.0443971, 0.0443974, -0.999014, -0.000501776, 0.0443311, 0.00247209, -0.999014, -2.43419, 4.19488, -0.059835)
bind/56/name = &"Right_shoulder"
bind/56/bone = -1
bind/56/pose = Transform3D(0.362429, -0.294255, -0.884341, -0.884341, -0.408145, -0.226623, -0.294255, 0.864194, -0.408145, 2.30175, 2.76211, -6.25085)
bind/57/name = &"Right_arm"
bind/57/bone = -1
bind/57/pose = Transform3D(0.466108, -0.479264, -0.743673, -0.743673, -0.66758, -0.0358825, -0.479264, 0.569774, -0.66758, 3.66922, 4.14032, -4.32682)
bind/58/name = &"Right_elbow"
bind/58/bone = -1
bind/58/pose = Transform3D(0.317063, -0.538718, -0.780547, -0.780547, -0.615716, 0.107891, -0.538718, 0.575045, -0.615716, 3.77936, 2.45378, -4.45609)
bind/59/name = &"Right_wrist"
bind/59/bone = -1
bind/59/pose = Transform3D(0.465481, -0.598574, -0.651949, -0.651949, -0.730075, 0.204823, -0.598574, 0.329696, -0.730075, 4.49273, 2.0148, -3.32182)
bind/60/name = &"Thumb1_R"
bind/60/bone = -1
bind/60/pose = Transform3D(0.725691, 0.659424, 0.196297, 0.196297, -0.471886, 0.859529, 0.659424, -0.58522, -0.471887, -1.42676, 2.75426, 5.02675)
bind/61/name = &"Thumb2_R"
bind/61/bone = -1
bind/61/pose = Transform3D(0.999571, 0.026493, 0.0124627, 0.012462, -0.77018, 0.637705, 0.0264931, -0.637276, -0.77018, 2.64271, 3.67895, 3.66128)
bind/62/name = &"Thumb3_R"
bind/62/bone = -1
bind/62/pose = Transform3D(0.9879, -0.122184, -0.0955213, -0.0955218, -0.964575, 0.245908, -0.122183, -0.233808, -0.964575, 3.40852, 4.40207, 1.34454)
bind/63/name = &"Thumb3_R_end"
bind/63/bone = -1
bind/63/pose = Transform3D(0.9879, -0.122183, -0.0955213, -0.0955218, -0.964575, 0.245908, -0.122183, -0.233808, -0.964575, 3.40852, 4.24659, 1.34454)
bind/64/name = &"IndexFinger1_R"
bind/64/bone = -1
bind/64/pose = Transform3D(0.787552, -0.504549, -0.353826, -0.353826, -0.84031, 0.410715, -0.504549, -0.198266, -0.84031, 5.03481, 2.94406, -0.210907)
bind/65/name = &"IndexFinger2_R"
bind/65/bone = -1
bind/65/pose = Transform3D(0.849083, -0.420563, -0.319663, -0.319663, -0.890812, 0.322908, -0.420563, -0.171991, -0.890812, 4.80089, 3.19672, -0.0571646)
bind/66/name = &"IndexFinger3_R"
bind/66/bone = -1
bind/66/pose = Transform3D(0.89371, -0.342507, -0.289778, -0.289778, -0.933776, 0.20998, -0.342507, -0.10369, -0.933776, 4.55608, 3.40909, -0.115215)
bind/67/name = &"IndexFinger3_R_end"
bind/67/bone = -1
bind/67/pose = Transform3D(0.893709, -0.342509, -0.289779, -0.289779, -0.933775, 0.209982, -0.342509, -0.103691, -0.933775, 4.55609, 3.26871, -0.115214)
bind/68/name = &"MiddleFinger1_R"
bind/68/bone = -1
bind/68/pose = Transform3D(0.869412, -0.353437, -0.34526, -0.345261, -0.93445, 0.0871681, -0.353437, 0.0434197, -0.93445, 4.52662, 3.50216, -1.06671)
bind/69/name = &"MiddleFinger2_R"
bind/69/bone = -1
bind/69/pose = Transform3D(0.945644, -0.233295, -0.226561, -0.226562, -0.972405, 0.0556631, -0.233295, -0.00130736, -0.972405, 4.16604, 3.87403, -0.463393)
bind/70/name = &"MiddleFinger3_R"
bind/70/bone = -1
bind/70/pose = Transform3D(0.94507, -0.233767, -0.228463, -0.228463, -0.972279, 0.0497813, -0.233767, 0.00514852, -0.972279, 4.1669, 3.69439, -0.494437)
bind/71/name = &"MiddleFinger3_R_end"
bind/71/bone = -1
bind/71/pose = Transform3D(0.945069, -0.233769, -0.228465, -0.228465, -0.972279, 0.0497812, -0.233769, 0.00514979, -0.972278, 4.1669, 3.51972, -0.494451)
bind/72/name = &"RingFinger1_R"
bind/72/bone = -1
bind/72/pose = Transform3D(0.877045, -0.322018, -0.356507, -0.356507, -0.933685, -0.0336849, -0.322018, 0.15664, -0.933685, 4.33257, 3.48982, -1.6946)
bind/73/name = &"RingFinger2_R"
bind/73/bone = -1
bind/73/pose = Transform3D(0.946632, -0.221285, -0.234353, -0.234353, -0.971716, -0.0291007, -0.221285, 0.0824692, -0.971716, 4.06687, 3.8638, -1.02099)
bind/74/name = &"RingFinger3_R"
bind/74/bone = -1
bind/74/pose = Transform3D(0.946068, -0.222144, -0.235815, -0.235815, -0.971301, -0.031077, -0.222143, 0.0850096, -0.971301, 4.06908, 3.68256, -1.03538)
bind/75/name = &"RingFinger3_R_end"
bind/75/bone = -1
bind/75/pose = Transform3D(0.946068, -0.222144, -0.235815, -0.235815, -0.971301, -0.0310769, -0.222143, 0.0850095, -0.971301, 4.06908, 3.50777, -1.03538)
bind/76/name = &"PinkyFinger1_R"
bind/76/bone = -1
bind/76/pose = Transform3D(0.842616, -0.315244, -0.436601, -0.436601, -0.87452, -0.211175, -0.315244, 0.36856, -0.87452, 4.09379, 2.94566, -2.85656)
bind/77/name = &"PinkyFinger2_R"
bind/77/bone = -1
bind/77/pose = Transform3D(0.877671, -0.284035, -0.386027, -0.386028, -0.896317, -0.21817, -0.284035, 0.340499, -0.896317, 4.05861, 3.08617, -2.62671)
bind/78/name = &"PinkyFinger3_R"
bind/78/bone = -1
bind/78/pose = Transform3D(0.950956, -0.192922, -0.241794, -0.241794, -0.951127, -0.192073, -0.192921, 0.241118, -0.951127, 3.88272, 3.67844, -1.87891)
bind/79/name = &"PinkyFinger3_R_end"
bind/79/bone = -1
bind/79/pose = Transform3D(0.950956, -0.192922, -0.241794, -0.241794, -0.951127, -0.192073, -0.192921, 0.241118, -0.951128, 3.88272, 3.55281, -1.87891)
bind/80/name = &"sleeve_R"
bind/80/bone = -1
bind/80/pose = Transform3D(0.99803, -0.0443318, -0.0443975, -0.0443978, -0.999014, -0.000501955, -0.0443315, 0.00247235, -0.999014, 2.43419, 5.32004, -0.0598365)
bind/81/name = &"sleeve_R_end"
bind/81/bone = -1
bind/81/pose = Transform3D(0.99803, -0.0443317, -0.0443976, -0.0443978, -0.999014, -0.000501939, -0.0443316, 0.00247234, -0.999014, 2.43419, 4.19488, -0.0598366)
bind/82/name = &"tail1"
bind/82/bone = -1
bind/82/pose = Transform3D(1, 0, 0, 0, -0.388406, -0.921488, 0, 0.921488, -0.388406, 8.8547e-05, 1.59428, -4.65917)
bind/83/name = &"tail2"
bind/83/bone = -1
bind/83/pose = Transform3D(1, 0, 0, 0, -0.820685, -0.571381, 0, 0.571382, -0.820685, 8.8547e-05, 3.24213, -3.46442)
bind/84/name = &"tail3"
bind/84/bone = -1
bind/84/pose = Transform3D(1, 0, 0, 0, -0.633881, -0.77343, 0, 0.77343, -0.633882, 8.8547e-05, 1.39353, -3.99551)
bind/85/name = &"tail4"
bind/85/bone = -1
bind/85/pose = Transform3D(1, 0, 0, 0, -0.00619336, -0.999981, 0, 0.999981, -0.00619377, 8.8547e-05, -2.0766, -3.45943)
bind/86/name = &"tail5"
bind/86/bone = -1
bind/86/pose = Transform3D(1, 7.55422e-09, -1.91132e-08, -1.91132e-08, 0.683675, -0.729787, 7.55423e-09, 0.729787, 0.683675, 8.84665e-05, -4.43443, -0.561975)
bind/87/name = &"tail6"
bind/87/bone = -1
bind/87/pose = Transform3D(1, 2.23125e-11, -1.98917e-11, -1.98889e-11, 0.993432, 0.114424, 2.23135e-11, -0.114424, 0.993432, 8.85618e-05, -3.5573, 3.85329)
bind/88/name = &"tail7"
bind/88/bone = -1
bind/88/pose = Transform3D(1, -1.344e-10, 4.97169e-11, 4.97223e-11, 0.650812, 0.759239, -1.34399e-10, -0.759239, 0.650813, 8.85627e-05, -0.526175, 5.74162)
bind/89/name = &"tail7_end"
bind/89/bone = -1
bind/89/pose = Transform3D(1, -2.68752e-11, 9.9393e-12, 9.94467e-12, 0.650812, 0.759239, -2.68744e-11, -0.759239, 0.650812, 8.85621e-05, -1.25784, 5.74162)
bind/90/name = &"Left_leg"
bind/90/bone = -1
bind/90/pose = Transform3D(1, 0, 0, 0, -0.998718, 0.0506154, 0, -0.0506146, -0.998723, -0.619084, 4.33893, 0.332458)
bind/91/name = &"Left_knee"
bind/91/bone = -1
bind/91/pose = Transform3D(1, -4.77664e-08, -5.37493e-08, -5.37491e-08, -0.993078, -0.117459, -4.77664e-08, 0.117459, -0.993083, -0.619084, 2.29319, -0.0525621)
bind/92/name = &"Left_ankle"
bind/92/bone = -1
bind/92/pose = Transform3D(-1, -1.03229e-07, 5.3749e-08, 5.37488e-08, -8.80165e-07, 1.00001, -1.03229e-07, 1, 3.06468e-07, 0.619084, 0.0433528, -0.0809592)
bind/93/name = &"Left_ankle_end"
bind/93/bone = -1
bind/93/pose = Transform3D(-1, -1.27113e-07, 2.68745e-08, 2.68744e-08, -8.86073e-07, 1.00001, -1.27113e-07, 1, 3.12376e-07, 0.619084, -2.17455, -0.0809592)
bind/94/name = &"Right_leg"
bind/94/bone = -1
bind/94/pose = Transform3D(1, 6.06003e-08, 5.76027e-08, 5.76076e-08, -0.998718, 0.0506129, 6.05906e-08, -0.050614, -0.99871, 0.619084, 4.33893, 0.332454)
bind/95/name = &"Right_knee"
bind/95/bone = -1
bind/95/pose = Transform3D(1, 4.7767e-08, 5.37447e-08, 5.37486e-08, -0.993078, -0.117456, 4.77565e-08, 0.117457, -0.99307, 0.619084, 2.29319, -0.0525591)
bind/96/name = &"Right_ankle"
bind/96/bone = -1
bind/96/pose = Transform3D(-1, -8.1717e-08, 3.22494e-07, 3.22503e-07, -1.35101e-07, 0.999992, -8.17172e-08, 1, 6.34286e-07, -0.619084, 0.0433501, -0.0809591)
bind/97/name = &"Right_ankle_end"
bind/97/bone = -1
bind/97/pose = Transform3D(-1, -2.75964e-08, 3.22494e-07, 3.22503e-07, -1.18889e-07, 0.999992, -2.75967e-08, 1, 6.18073e-07, -0.619084, -2.17452, -0.080959)
bind/98/name = &"loincloth"
bind/98/bone = -1
bind/98/pose = Transform3D(1, 0, 0, 0, -0.999396, -0.0347562, 0, 0.0347525, -0.999368, -1.13687e-13, 4.1274, 0.97915)
bind/99/name = &"loincloth_end"
bind/99/bone = -1
bind/99/pose = Transform3D(1, 0, 0, 0, -0.999396, -0.0347563, 0, 0.0347525, -0.999368, -1.13687e-13, 3.31057, 0.97915)
bind/100/name = &"Butt_L"
bind/100/bone = -1
bind/100/pose = Transform3D(1, 0, 0, 0, -0.224477, -0.974479, 0, 0.974479, -0.224478, -0.633251, 0.281484, -4.16364)
bind/101/name = &"Butt_L_end"
bind/101/bone = -1
bind/101/pose = Transform3D(1, 0, 0, 0, -0.224477, -0.974479, 0, 0.974479, -0.224478, -0.633251, -0.535344, -4.16364)
bind/102/name = &"Butt_R"
bind/102/bone = -1
bind/102/pose = Transform3D(1, 0, 0, 0, -0.224477, -0.974479, 0, 0.974479, -0.224478, 0.633251, 0.281484, -4.16364)
bind/103/name = &"Butt_R_end"
bind/103/bone = -1
bind/103/pose = Transform3D(1, 0, 0, 0, -0.224477, -0.974479, 0, 0.974479, -0.224478, 0.633251, -0.535344, -4.16364)
